<!-- incomplete JOINT nodes from the woman23.dae joint structure (no "pivot nodes" no fingers) -->
<node id="CWom0023-Bip-node" name="CWom0023-Bip" type="JOINT">
  <matrix>0.000001 1 0 -0.000068 -1 0.000001 0 0.016062 0 0 1 0.905944 0 0 0 1</matrix>
  <node id="CWom0023-Pelvis-node" name="CWom0023-Pelvis" sid="Bone1" type="JOINT">
    <matrix>0 1 -0.000001 -0.007917 -0.000001 0.000001 1 0 1 0 0.000001 0 0 0 0 1</matrix>
    <node id="CWom0023-Spine-node" name="CWom0023-Spine" sid="Bone2" type="JOINT">
      <matrix>1 -0.000796 -0.000001 0.093026 0.000796 1 0.000004 -0.000077 0.000001 -0.000004 1 0.000000 0 0 0 1</matrix>
      <node id="CWom0023-Spine1-node" name="CWom0023-Spine1" sid="Bone3" type="JOINT">
        <matrix>1 0 0 0.09781 0 1 0 -0.000077 0 0 1 0 0 0 0 1</matrix>
        <node id="CWom0023-Spine2-node" name="CWom0023-Spine2" sid="Bone4" type="JOINT">
          <matrix>1 0 0 0.09781 0 1 0 -0.000077 0 0 1 0 0 0 0 1</matrix>
          <node id="CWom0023-Spine3-node" name="CWom0023-Spine3" sid="Bone5" type="JOINT">
            <matrix>1 0 0 0.09781 0 1 0 -0.000077 0 0 1 0 0 0 0 1</matrix>
            <node id="CWom0023-Neck-node" name="CWom0023-Neck" sid="Bone6" type="JOINT">
              <matrix>0.968607 -0.248595 -0.000000 0.097 0.248595 0.968607 0 -0.027531 0.000000 0 1 0 0 0 0 1</matrix>
              <node id="CWom0023-Head-node" name="CWom0023-Head" sid="Bone7" type="JOINT">
                <matrix>0.995237 0.097485 0.000000 0.109256 -0.097485 0.995237 0 0 -0.000000 0 1 0 0 0 0 1</matrix>
                <node id="CWom0023-HeadNub-node" name="CWom0023-HeadNub" sid="Bone8" type="JOINT">
                  <matrix>1 0 0 0.238281 0 1 0 0 0 0 1 0 0 0 0 1</matrix>
                </node>
              </node>
              <node id="CWom0023-L_Clavicle-node" name="CWom0023-L_Clavicle" sid="Bone9" type="JOINT">
                <matrix>-0.135586 -0.248395 0.959123 0.031792 -0.055537 -0.964635 -0.257673 0.019809 0.989208 -0.088203 0.116996 0.028312 0 0 0 1</matrix>
                <node id="CWom0023-L_UpperArm-node" name="CWom0023-L_UpperArm" sid="Bone10" type="JOINT">
                  <matrix>0.998734 0.02739 0.042187 0.130386 -0.026703 0.999503 -0.016751 0 -0.042625 0.015603 0.998969 0.000000 0 0 0 1</matrix>
                  <node id="CWom0023-L_Forearm-node" name="CWom0023-L_Forearm" sid="Bone11" type="JOINT">
                    <matrix>0.991493 0.130158 0 0.258958 -0.130158 0.991493 0 0 0 0 1 -0.000000 0 0 0 1</matrix>
                    <node id="CWom0023-L_Hand-node" name="CWom0023-L_Hand" sid="Bone12" type="JOINT">
                      <matrix>0.969685 0.206563 -0.130552 0.213827 0.152818 -0.095723 0.983608 0 0.19068 -0.97374 -0.124388 0 0 0 0 1</matrix>
                       .......(L-fingers)....
                    </node>
                  </node>
                </node>
              </node>
              <node id="CWom0023-R_Clavicle-node" name="CWom0023-R_Clavicle" sid="Bone33" type="JOINT">
                <matrix>-0.135586 -0.248395 -0.959123 0.031792 -0.055531 -0.964635 0.257673 0.019809 -0.989208 0.088198 0.116997 -0.028312 0 0 0 1</matrix>
                <node id="CWom0023-R_UpperArm-node" name="CWom0023-R_UpperArm" sid="Bone34" type="JOINT">
                  <matrix>0.998734 0.02739 -0.042187 0.130386 -0.026703 0.999503 0.016751 0 0.042625 -0.015603 0.998969 -0.000000 0 0 0 1</matrix>
                  <node id="CWom0023-R_Forearm-node" name="CWom0023-R_Forearm" sid="Bone35" type="JOINT">
                    <matrix>0.991493 0.130158 0 0.258958 -0.130158 0.991493 0 0 0 0 1 0 0 0 0 1</matrix>
                    <node id="CWom0023-R_Hand-node" name="CWom0023-R_Hand" sid="Bone36" type="JOINT">
                      <matrix>0.969685 0.206563 0.130552 0.213827 0.152818 -0.095723 -0.983607 0 -0.190679 0.97374 -0.124388 0 0 0 0 1</matrix>
                      ........ (R-fingers)...
                    </node>
                  </node>
                </node>
              </node>
            </node>
          </node>
        </node>
      </node>
      <node id="CWom0023-L_Thigh-node" name="CWom0023-L_Thigh" sid="Bone57" type="JOINT">
        <matrix>-0.993356 0.030974 -0.11084 -0.093026 0.030276 0.99951 0.007975 0.000151 0.111032 0.004566 -0.993806 0.080892 0 0 0 1</matrix>
        <node id="CWom0023-L_Calf-node" name="CWom0023-L_Calf" sid="Bone58" type="JOINT">
          <matrix>0.968817 0.247775 0 0.439232 -0.247775 0.968818 0 0 0 0 1 0 0 0 0 1</matrix>
          <node id="CWom0023-L_Foot-node" name="CWom0023-L_Foot" sid="Bone59" type="JOINT">
            <matrix>0.969881 -0.200544 -0.138251 0.388045 0.216897 0.969336 0.115517 0 0.110846 -0.142024 0.983637 0 0 0 0 1</matrix>
            <node id="CWom0023-L_Toe0-node" name="CWom0023-L_Toe0" sid="Bone60" type="JOINT">
              <matrix>0 -0.999998 0.0018 0.093026 1 0 0 0.144442 0 0.0018 0.999999 0 0 0 0 1</matrix>
              <node id="CWom0023-L_Toe0Nub-node" name="CWom0023-L_Toe0Nub" sid="Bone61" type="JOINT">
                <matrix>1 0 0 0.097087 0 1 0 0 0 0 -1 0 0 0 0 1</matrix>
              </node>
            </node>
          </node>
        </node>
      </node>
      <node id="CWom0023-R_Thigh-node" name="CWom0023-R_Thigh" sid="Bone62" type="JOINT">
        <matrix>-0.993356 0.030974 0.11084 -0.093026 0.030277 0.99951 -0.007969 0.000152 -0.111032 -0.004561 -0.993806 -0.080892 0 0 0 1</matrix>
        <node id="CWom0023-R_Calf-node" name="CWom0023-R_Calf" sid="Bone63" type="JOINT">
          <matrix>0.968818 0.247775 0 0.439232 -0.247775 0.968818 0 0 0 0 1 0 0 0 0 1</matrix>
          <node id="CWom0023-R_Foot-node" name="CWom0023-R_Foot" sid="Bone64" type="JOINT">
            <matrix>0.969881 -0.200544 0.138252 0.388045 0.216897 0.969335 -0.115517 0 -0.110846 0.142024 0.983637 0 0 0 0 1</matrix>
            <node id="CWom0023-R_Toe0-node" name="CWom0023-R_Toe0" sid="Bone65" type="JOINT">
              <matrix>0 -0.999999 -0.0018 0.093026 1 0 0 0.144442 0 -0.0018 0.999999 0 0 0 0 1</matrix>
              <node id="CWom0023-R_Toe0Nub-node" name="CWom0023-R_Toe0Nub" sid="Bone66" type="JOINT">
                <matrix>1 0 0 0.097087 0 1 0 0 0 0 1 0 0 0 0 1</matrix>
              </node>
            </node>
          </node>
        </node>
      </node>
    </node>
  </node>
</node>